0  0  0
0  0.1  100
0  0.2  100
0  0.3  100
0  0.4  100
0  0.5  100
0  0.6  100
0  0.7  100
0  0.8  100
0  0.9  100
0  1  100
0  1.1  100
0  1.2  100
0  1.3  100
0  1.4  0

0.1  0  0
0.1  0.1  49.4382
0.1  0.2  68.6236
0.1  0.3  77.3011
0.1  0.4  81.7085
0.1  0.5  84.0658
0.1  0.6  85.2488
0.1  0.7  85.611
0.1  0.8  85.2488
0.1  0.9  84.0658
0.1  1  81.7085
0.1  1.1  77.3011
0.1  1.2  68.6236
0.1  1.3  49.4382
0.1  1.4  0

0.2  0  0
0.2  0.1  29.1292
0.2  0.2  47.755
0.2  0.3  58.8723
0.2  0.4  65.4672
0.2  0.5  69.3059
0.2  0.6  71.3186
0.2  0.7  71.9462
0.2  0.8  71.3186
0.2  0.9  69.3059
0.2  1  65.4672
0.2  1.1  58.8723
0.2  1.2  47.755
0.2  1.3  29.1292
0.2  1.4  0

0.3  0  0
0.3  0.1  19.3237
0.3  0.2  34.395
0.3  0.3  44.9657
0.3  0.4  51.982
0.3  0.5  56.3722
0.3  0.6  58.7733
0.3  0.7  59.5366
0.3  0.8  58.7733
0.3  0.9  56.3722
0.3  1  51.982
0.3  1.1  44.9657
0.3  1.2  34.395
0.3  1.3  19.3237
0.3  1.4  0

0.4  0  0
0.4  0.1  13.7706
0.4  0.2  25.5357
0.4  0.3  34.6136
0.4  0.4  41.1229
0.4  0.5  45.4276
0.4  0.6  47.8656
0.4  0.7  48.6539
0.4  0.8  47.8656
0.4  0.9  45.4276
0.4  1  41.1229
0.4  1.1  34.6136
0.4  1.2  25.5357
0.4  1.3  13.7706
0.4  1.4  0

0.5  0  0
0.5  0.1  10.2231
0.5  0.2  19.3636
0.5  0.3  26.83
0.5  0.4  32.4682
0.5  0.5  36.3498
0.5  0.6  38.6078
0.5  0.7  39.3476
0.5  0.8  38.6078
0.5  0.9  36.3498
0.5  1  32.4682
0.5  1.1  26.83
0.5  1.2  19.3636
0.5  1.3  10.2231
0.5  1.4  0

0.6  0  0
0.6  0.1  7.75826
0.6  0.2  14.8655
0.6  0.3  20.8747
0.6  0.4  25.5703
0.6  0.5  28.8955
0.6  0.6  30.8682
0.6  0.7  31.521
0.6  0.8  30.8682
0.6  0.9  28.8955
0.6  1  25.5703
0.6  1.1  20.8747
0.6  1.2  14.8655
0.6  1.3  7.75826
0.6  1.4  0

0.7  0  0
0.7  0.1  5.94444
0.7  0.2  11.4653
0.7  0.3  16.233
0.7  0.4  20.0429
0.7  0.5  22.7936
0.7  0.6  24.4484
0.7  0.7  25
0.7  0.8  24.4484
0.7  0.9  22.7936
0.7  1  20.0429
0.7  1.1  16.233
0.7  1.2  11.4653
0.7  1.3  5.94444
0.7  1.4  0

0.8  0  0
0.8  0.1  4.55422
0.8  0.2  8.81825
0.8  0.3  12.5493
0.8  0.4  15.5745
0.8  0.5  17.7875
0.8  0.6  19.1318
0.8  0.7  19.5822
0.8  0.8  19.1318
0.8  0.9  17.7875
0.8  1  15.5745
0.8  1.1  12.5493
0.8  1.2  8.81825
0.8  1.3  4.55422
0.8  1.4  0

0.9  0  0
0.9  0.1  3.45419
0.9  0.2  6.70416
0.9  0.3  9.57142
0.9  0.4  11.9183
0.9  0.5  13.6502
0.9  0.6  14.7092
0.9  0.7  15.0653
0.9  0.8  14.7092
0.9  0.9  13.6502
0.9  1  11.9183
0.9  1.1  9.57142
0.9  1.2  6.70416
0.9  1.3  3.45419
0.9  1.4  0

1  0  0
1  0.1  2.55839
1  0.2  4.97278
1  0.3  7.11391
1  0.4  8.87714
1  0.5  10.1858
1  0.6  10.9895
1  0.7  11.2604
1  0.8  10.9895
1  0.9  10.1858
1  1  8.87714
1  1.1  7.11391
1  1.2  4.97278
1  1.3  2.55839
1  1.4  0

1.1  0  0
1.1  0.1  1.8066
1.1  0.2  3.51466
1.1  0.3  5.03428
1.1  0.4  6.29053
1.1  0.5  7.22634
1.1  0.6  7.80272
1.1  0.7  7.99727
1.1  0.8  7.80272
1.1  0.9  7.22634
1.1  1  6.29053
1.1  1.1  5.03428
1.1  1.2  3.51466
1.1  1.3  1.8066
1.1  1.4  0

1.2  0  0
1.2  0.1  1.15334
1.2  0.2  2.24497
1.2  0.3  3.21804
1.2  0.4  4.02433
1.2  0.5  4.62632
1.2  0.6  4.99774
1.2  0.7  5.12322
1.2  0.8  4.99774
1.2  0.9  4.62632
1.2  1  4.02433
1.2  1.1  3.21804
1.2  1.2  2.24497
1.2  1.3  1.15334
1.2  1.4  0

1.3  0  0
1.3  0.1  0.561794
1.3  0.2  1.09384
1.3  0.3  1.56858
1.3  0.4  1.96244
1.3  0.5  2.25686
1.3  0.6  2.43869
1.3  0.7  2.50015
1.3  0.8  2.43869
1.3  0.9  2.25686
1.3  1  1.96244
1.3  1.1  1.56858
1.3  1.2  1.09384
1.3  1.3  0.561794
1.3  1.4  0

1.4  0  0
1.4  0.1  0
1.4  0.2  0
1.4  0.3  0
1.4  0.4  0
1.4  0.5  0
1.4  0.6  0
1.4  0.7  0
1.4  0.8  0
1.4  0.9  0
1.4  1  0
1.4  1.1  0
1.4  1.2  0
1.4  1.3  0
1.4  1.4  0

