0.0000000000000000e+00	1.0000000000000001e-01	1.0000000000000000e+00	9.9833416646828155e-01	9.9958338541356662e-01	9.9999979172866160e-01	9.9999998698013537e-01
1.0000000000000000e-02	1.0000000000000001e-01	9.9995000041666526e-01	9.9778467503008139e-01	9.9953340666078760e-01	9.9978305886405117e-01	9.9994998739745178e-01
2.0000000000000000e-02	1.0000000000000001e-01	9.9980000666657776e-01	9.9713540595586292e-01	9.9938347540028427e-01	9.9946634852670391e-01	9.9979999364931693e-01
2.9999999999999999e-02	1.0000000000000001e-01	9.9955003374898754e-01	9.9638642417199186e-01	9.9913360662505779e-01	9.9904969238739028e-01	9.9955002073498145e-01
4.0000000000000001e-02	1.0000000000000001e-01	9.9920010666097792e-01	9.9553780457602326e-01	9.9878382532177701e-01	9.9853313211137562e-01	9.9920009365152795e-01
5.0000000000000003e-02	1.0000000000000001e-01	9.9875026039496628e-01	9.9458963202920914e-01	9.9833416646828155e-01	9.9791671935425885e-01	9.9875024739137330e-01
6.0000000000000005e-02	1.0000000000000001e-01	9.9820053993520419e-01	9.9354200134801363e-01	9.9778467503008150e-01	9.9720051575680146e-01	9.9820052693876826e-01
7.0000000000000007e-02	1.0000000000000001e-01	9.9755100025327959e-01	9.9239501729463253e-01	9.9713540595586292e-01	9.9638459293876525e-01	9.9755098726530056e-01
8.0000000000000002e-02	1.0000000000000001e-01	9.9680170630261944e-01	9.9114879456651483e-01	9.9638642417199186e-01	9.9546903249175278e-01	9.9680169332439628e-01
8.9999999999999997e-02	1.0000000000000001e-01	9.9595273301199427e-01	9.8980345778489531e-01	9.9553780457602337e-01	9.9445392597104687e-01	9.9595272004482449e-01
9.9999999999999992e-02	1.0000000000000001e-01	9.9500416527802582e-01	9.8835914148233073e-01	9.9458963202920891e-01	9.9333937488645174e-01	9.9500415232320671e-01
1.0999999999999999e-01	1.0000000000000001e-01	9.9395609795669682e-01	9.8681599008924759e-01	9.9354200134801363e-01	9.9212549069214828e-01	9.9395608501552246e-01
1.1999999999999998e-01	1.0000000000000001e-01	9.9280863585386625e-01	9.8517415791949947e-01	9.9239501729463253e-01	9.9081239477554428e-01	9.9280862292763228e-01
1.2999999999999998e-01	1.0000000000000001e-01	9.9156189371478809e-01	9.8343380915493550e-01	9.9114879456651506e-01	9.8940021844513737e-01	9.9156188080478591e-01
1.3999999999999999e-01	1.0000000000000001e-01	9.9021599621263723e-01	9.8159511782898112e-01	9.8980345778489542e-01	9.8788910291738252e-01	9.9021598332015859e-01
1.4999999999999999e-01	1.0000000000000001e-01	9.8877107793604224e-01	9.7965826780923715e-01	9.8835914148233073e-01	9.8627919930257424e-01	9.8877106506237655e-01
1.6000000000000000e-01	1.0000000000000001e-01	9.8722728337562693e-01	9.7762345277909135e-01	9.8681599008924770e-01	9.8457066858973230e-01	9.8722727052206183e-01
1.7000000000000001e-01	1.0000000000000001e-01	9.8558476690956076e-01	9.7549087621835118e-01	9.8517415791949969e-01	9.8276368163050487e-01	9.8558475407738066e-01
1.8000000000000002e-01	1.0000000000000001e-01	9.8384369278812145e-01	9.7326075138289558e-01	9.8343380915493572e-01	9.8085841912208094e-01	9.8384367997860978e-01
1.9000000000000003e-01	1.0000000000000001e-01	9.8200423511727031e-01	9.7093330128334987e-01	9.8159511782898135e-01	9.7885507158912421e-01	9.8200422233170803e-01
2.0000000000000004e-01	1.0000000000000001e-01	9.8006657784124163e-01	9.6850875866278352e-01	9.7965826780923748e-01	9.7675383936471871e-01	9.8006656508090684e-01
2.1000000000000005e-01	1.0000000000000001e-01	9.7803091472414827e-01	9.6598736597343937e-01	9.7762345277909168e-01	9.7455493257033521e-01	9.7803090199031784e-01
2.2000000000000006e-01	1.0000000000000001e-01	9.7589744933060552e-01	9.6336937535248435e-01	9.7549087621835140e-01	9.7225857109482050e-01	9.7589743662455197e-01
2.3000000000000007e-01	1.0000000000000001e-01	9.7366639500537477e-01	9.6065504859679962e-01	9.7326075138289581e-01	9.6986498457240966e-01	9.7366638232836955e-01
2.4000000000000007e-01	1.0000000000000001e-01	9.7133797485202955e-01	9.5784465713679789e-01	9.7093330128335009e-01	9.6737441235976018e-01	9.7133796220533919e-01
2.5000000000000006e-01	1.0000000000000001e-01	9.6891242171064473e-01	9.5493848200928455e-01	9.6850875866278330e-01	9.6478710351201469e-01	9.6891240909553689e-01
2.6000000000000006e-01	1.0000000000000001e-01	9.6638997813451322e-01	9.5193681382934880e-01	9.6598736597343915e-01	9.6210331675790728e-01	9.6638996555224732e-01
2.7000000000000007e-01	1.0000000000000001e-01	9.6377089636589053e-01	9.4883995276130895e-01	9.6336937535248413e-01	9.5932332047387348e-01	9.6377088381772469e-01
2.8000000000000008e-01	1.0000000000000001e-01	9.6105543831077089e-01	9.4564820848868969e-01	9.6065504859679929e-01	9.5644739265722623e-01	9.6105542579796077e-01
2.9000000000000009e-01	1.0000000000000001e-01	9.5824387551269719e-01	9.4236190018325894e-01	9.5784465713679767e-01	9.5347582089834859e-01	9.5824386303649411e-01
3.0000000000000010e-01	1.0000000000000001e-01	9.5533648912560598e-01	9.3898135647310976e-01	9.5493848200928400e-01	9.5040890235194464e-01	9.5533647668725574e-01
3.1000000000000011e-01	1.0000000000000001e-01	9.5233356988571338e-01	9.3550691540979392e-01	9.5193681382934825e-01	9.4724694370730722e-01	9.5233355748646076e-01
3.2000000000000012e-01	1.0000000000000001e-01	9.4923541808244083e-01	9.3193892443452442e-01	9.4883995276130839e-01	9.4399026115767126e-01	9.4923540572352538e-01
3.3000000000000013e-01	1.0000000000000001e-01	9.4604234352838690e-01	9.2827774034342447e-01	9.4564820848868913e-01	9.4063918036857341e-01	9.4604233121104420e-01
3.4000000000000014e-01	1.0000000000000001e-01	9.4275466552834619e-01	9.2452372925185267e-01	9.4236190018325838e-01	9.3719403644530319e-01	9.4275465325380881e-01
3.5000000000000014e-01	1.0000000000000001e-01	9.3937271284737889e-01	9.2067726655778837e-01	9.3898135647310921e-01	9.3365517389938057e-01	9.3937270061687483e-01
3.6000000000000015e-01	1.0000000000000001e-01	9.3589682367793481e-01	9.1673873690429841e-01	9.3550691540979336e-01	9.3002294661411089e-01	9.3589681149268478e-01
3.7000000000000016e-01	1.0000000000000001e-01	9.3232734560603436e-01	9.1270853414106290e-01	9.3193892443452386e-01	9.2629771780919679e-01	9.3232733346725982e-01
3.8000000000000017e-01	1.0000000000000001e-01	9.2866463557651013e-01	9.0858706128500222e-01	9.2827774034342392e-01	9.2247986000441484e-01	9.2866462348542378e-01
3.9000000000000018e-01	1.0000000000000001e-01	9.2490905985731298e-01	9.0437473047996653e-01	9.2452372925185211e-01	9.1856975498236271e-01	9.2490904781512395e-01
4.0000000000000019e-01	1.0000000000000001e-01	9.2106099400288499e-01	9.0007196295552483e-01	9.2067726655778781e-01	9.1456779375028263e-01	9.2106098201079656e-01
4.1000000000000020e-01	1.0000000000000001e-01	9.1712082281660501e-01	8.9567918898484644e-01	9.1673873690429786e-01	9.1047437650096841e-01	9.1712081087581809e-01
4.2000000000000021e-01	1.0000000000000001e-01	9.1308894031230814e-01	8.9119684784166542e-01	9.1270853414106234e-01	9.0628991257272684e-01	9.1308892842401512e-01
4.3000000000000022e-01	1.0000000000000001e-01	9.0896574967488508e-01	8.8662538775636179e-01	9.0858706128500166e-01	9.0201482040846825e-01	9.0896573784027501e-01
4.4000000000000022e-01	1.0000000000000001e-01	9.0475166321996336e-01	8.8196526587113522e-01	9.0437473047996597e-01	8.9764952751384752e-01	9.0475165144022041e-01
4.5000000000000023e-01	1.0000000000000001e-01	9.0044710235267678e-01	8.7721694819429041e-01	9.0007196295552483e-01	8.9319447041451039e-01	9.0044709062897876e-01
4.6000000000000024e-01	1.0000000000000001e-01	8.9605249752552518e-01	8.7238090955363612e-01	8.9567918898484589e-01	8.8865009461245981e-01	8.9605248585904318e-01
4.7000000000000025e-01	1.0000000000000001e-01	8.9156828819532885e-01	8.6745763354901029e-01	8.9119684784166486e-01	8.8401685454148760e-01	8.9156827658723181e-01
4.8000000000000026e-01	1.0000000000000001e-01	8.8699492277928405e-01	8.6244761250390656e-01	8.8662538775636179e-01	8.7929521352173889e-01	8.8699491123073015e-01
4.9000000000000027e-01	1.0000000000000001e-01	8.8233285861012134e-01	8.5735134741625751e-01	8.8196526587113466e-01	8.7448564371338222e-01	8.8233284712226601e-01
5.0000000000000022e-01	1.0000000000000001e-01	8.7758256189037265e-01	8.5216934790832310e-01	8.7721694819429041e-01	8.6958862606939291e-01	8.7758255046436640e-01
5.1000000000000023e-01	1.0000000000000001e-01	8.7274450764575118e-01	8.4690213217573695e-01	8.7238090955363612e-01	8.6460465028744549e-01	8.7274449628273498e-01
5.2000000000000024e-01	1.0000000000000001e-01	8.6781917967764977e-01	8.4155022693568393e-01	8.6745763354901029e-01	8.5953421476097513e-01	8.6781916837876383e-01
5.3000000000000025e-01	1.0000000000000001e-01	8.6280707051476091e-01	8.3611416737422561e-01	8.6244761250390656e-01	8.5437782652930105e-01	8.6280705928113155e-01
5.4000000000000026e-01	1.0000000000000001e-01	8.5770868136382405e-01	8.3059449709278921e-01	8.5735134741625751e-01	8.4913600122695554e-01	8.5770867019657449e-01
5.5000000000000027e-01	1.0000000000000001e-01	8.5252452205950557e-01	8.2499176805380325e-01	8.5216934790832422e-01	8.4380926303209625e-01	8.5252451095975290e-01
5.6000000000000028e-01	1.0000000000000001e-01	8.4725511101341600e-01	8.1930654052550400e-01	8.4690213217573806e-01	8.3839814461410900e-01	8.4725509998227277e-01
5.7000000000000028e-01	1.0000000000000001e-01	8.4190097516226858e-01	8.1353938302590412e-01	8.4155022693568393e-01	8.3290318708031952e-01	8.4190096420083149e-01
5.8000000000000029e-01	1.0000000000000001e-01	8.3646264991518682e-01	8.0769087226594927e-01	8.3611416737422672e-01	8.2732493992191181e-01	8.3646263902455631e-01
5.9000000000000030e-01	1.0000000000000001e-01	8.3094067910016334e-01	8.0176159309184203e-01	8.3059449709279032e-01	8.2166396095894145e-01	8.3094066828142754e-01
6.0000000000000031e-01	1.0000000000000001e-01	8.2533561490967811e-01	7.9575213842655645e-01	8.2499176805380436e-01	8.1592081628459534e-01	8.2533560416392149e-01
6.1000000000000032e-01	1.0000000000000001e-01	8.1964801784547936e-01	7.8966310921055438e-01	8.1930654052550511e-01	8.1009608020855184e-01	8.1964800717377317e-01
6.2000000000000033e-01	1.0000000000000001e-01	8.1387845666253378e-01	7.8349511434168129e-01	8.1353938302590412e-01	8.0419033519956307e-01	8.1387844606594728e-01
6.3000000000000034e-01	1.0000000000000001e-01	8.0802750831215164e-01	7.7724877061428277e-01	8.0769087226595038e-01	7.9820417182721182e-01	8.0802749779174388e-01
6.4000000000000035e-01	1.0000000000000001e-01	8.0209575788429244e-01	7.7092470265752944e-01	8.0176159309184203e-01	7.9213818870284669e-01	8.0209574744111567e-01
6.5000000000000036e-01	1.0000000000000001e-01	7.9608379854905564e-01	7.6452354287294577e-01	7.9575213842655756e-01	7.8599299241972398e-01	7.9608378818415204e-01
6.6000000000000036e-01	1.0000000000000001e-01	7.8999223149736486e-01	7.5804593137117404e-01	7.8966310921055438e-01	7.7976919749235041e-01	7.8999222121177348e-01
6.7000000000000037e-01	1.0000000000000001e-01	7.8382166588084901e-01	7.5149251590797106e-01	7.8349511434168129e-01	7.7346742629503618e-01	7.8382165567559758e-01
6.8000000000000038e-01	1.0000000000000001e-01	7.7757271875092770e-01	7.4486395181941667e-01	7.7724877061428388e-01	7.6708830899964531e-01	7.7757270862703720e-01
6.9000000000000039e-01	1.0000000000000001e-01	7.7124601499710632e-01	7.3816090195639839e-01	7.7092470265753055e-01	7.6063248351259227e-01	7.7124600495558848e-01
7.0000000000000040e-01	1.0000000000000001e-01	7.6484218728448816e-01	7.3138403661831664e-01	7.6452354287294577e-01	7.5410059541104391e-01	7.6484217732634885e-01
7.1000000000000041e-01	1.0000000000000001e-01	7.5836187599050786e-01	7.2453403348605838e-01	7.5804593137117515e-01	7.4749329787837249e-01	7.5836186611673873e-01
7.2000000000000042e-01	1.0000000000000001e-01	7.5180572914089472e-01	7.1761157755422689e-01	7.5149251590797106e-01	7.4081125163882067e-01	7.5180571935248552e-01
7.3000000000000043e-01	1.0000000000000001e-01	7.4517440234487009e-01	7.1061736106264761e-01	7.4486395181941667e-01	7.3405512489144442e-01	7.4517439264280227e-01
7.4000000000000044e-01	1.0000000000000001e-01	7.3846855872958761e-01	7.0355208342714248e-01	7.3816090195639950e-01	7.2722559324329283e-01	7.3846854911482651e-01
7.5000000000000044e-01	1.0000000000000001e-01	7.3168886887382056e-01	6.9641645116958473e-01	7.3138403661831775e-01	7.2032333964183637e-01	7.3168885934732997e-01
7.6000000000000045e-01	1.0000000000000001e-01	7.2483601074090487e-01	6.8921117784725650e-01	7.2453403348605949e-01	7.1334905430668127e-01	7.2483600130364001e-01
7.7000000000000046e-01	1.0000000000000001e-01	7.1791066961094308e-01	6.8193698398148372e-01	7.1761157755422800e-01	7.0630343466055046e-01	7.1791066026384398e-01
7.8000000000000047e-01	1.0000000000000001e-01	7.1091353801227708e-01	6.7459459698559043e-01	7.1061736106264872e-01	6.9918718525953949e-01	7.1091352875627767e-01
7.9000000000000048e-01	1.0000000000000001e-01	7.0384531565223574e-01	6.6718475109216024e-01	7.0355208342714248e-01	6.9200101772265288e-01	7.0384530648826760e-01
8.0000000000000049e-01	1.0000000000000001e-01	6.9670670934716505e-01	6.5970818727960512e-01	6.9641645116958584e-01	6.8474565066066262e-01	6.9670670027613957e-01
8.1000000000000050e-01	1.0000000000000001e-01	6.8949843295174662e-01	6.5216565319807795e-01	6.8921117784725650e-01	6.7742180960422471e-01	6.8949842397456873e-01
8.2000000000000051e-01	1.0000000000000001e-01	6.8222120728761315e-01	6.4455790309470129e-01	6.8193698398148372e-01	6.7003022693134451e-01	6.8222119840518625e-01
8.3000000000000052e-01	1.0000000000000001e-01	6.7487576007126671e-01	6.3688569773814319e-01	6.7459459698559154e-01	6.6257164179412664e-01	6.7487575128447685e-01
8.4000000000000052e-01	1.0000000000000001e-01	6.6746282584130778e-01	6.2914980434254919e-01	6.6718475109216024e-01	6.5504680004487137e-01	6.6746281715103217e-01
8.5000000000000053e-01	1.0000000000000001e-01	6.5998314588498175e-01	6.2135099649081038e-01	6.5970818727960623e-01	6.4745645416148212e-01	6.5998313729209135e-01
8.6000000000000054e-01	1.0000000000000001e-01	6.5243746816405146e-01	6.1349005405721302e-01	6.5216565319807906e-01	6.3980136317222247e-01	6.5243745966940492e-01
8.7000000000000055e-01	1.0000000000000001e-01	6.4482654724000077e-01	6.0556776312944982e-01	6.4455790309470129e-01	6.3208229257980864e-01	6.4482653884444852e-01
8.8000000000000056e-01	1.0000000000000001e-01	6.3715114419857977e-01	5.9758491593001173e-01	6.3688569773814430e-01	6.2430001428487314e-01	6.3715113590295991e-01
8.9000000000000057e-01	1.0000000000000001e-01	6.2941202657369644e-01	5.8954231073696683e-01	6.2914980434255030e-01	6.1645530650875746e-01	6.2941201837883876e-01
9.0000000000000058e-01	1.0000000000000001e-01	6.2160996827066406e-01	5.8144075180413091e-01	6.2135099649081038e-01	6.0854895371569850e-01	6.2160996017738801e-01
9.1000000000000059e-01	1.0000000000000001e-01	6.1374574948881111e-01	5.7328104928064727e-01	6.1349005405721302e-01	6.0058174653439211e-01	6.1374574149792638e-01
9.2000000000000060e-01	1.0000000000000001e-01	6.0582015664346234e-01	5.6506401912996940e-01	6.0556776312944982e-01	5.9255448167891778e-01	6.0582014875576651e-01
9.3000000000000060e-01	1.0000000000000001e-01	5.9783398228729778e-01	5.5679048304826173e-01	5.9758491593001173e-01	5.8446796186906702e-01	5.9783397450358100e-01
9.4000000000000061e-01	1.0000000000000001e-01	5.8978802503109773e-01	5.4846126838224096e-01	5.8954231073696683e-01	5.7632299575008483e-01	5.8978801735213782e-01
9.5000000000000062e-01	1.0000000000000001e-01	5.8168308946388303e-01	5.4007720804643222e-01	5.8144075180413091e-01	5.6812039781179624e-01	5.8168308189044693e-01
9.6000000000000063e-01	1.0000000000000001e-01	5.7351998607245613e-01	5.3163914043988014e-01	5.7328104928064727e-01	5.5986098830715814e-01	5.7351997860530435e-01
9.7000000000000064e-01	1.0000000000000001e-01	5.6529953116035381e-01	5.2314790936231592e-01	5.6506401912996940e-01	5.5154559317023877e-01	5.6529952380023085e-01
9.8000000000000065e-01	1.0000000000000001e-01	5.5702254676621676e-01	5.1460436392977038e-01	5.5679048304826173e-01	5.4317504393362026e-01	5.5702253951385761e-01
9.9000000000000066e-01	1.0000000000000001e-01	5.4868986058158697e-01	5.0600935848966744e-01	5.4846126838224096e-01	5.3475017764525490e-01	5.4868985343771748e-01
1.0000000000000007e+00	1.0000000000000001e-01	5.4030230586813921e-01	4.9736375253538800e-01	5.4007720804643222e-01	5.2627183678474965e-01	5.4030229883347569e-01
1.0100000000000007e+00	1.0000000000000001e-01	5.3186072137435492e-01	4.8866841062032429e-01	5.3163914043988014e-01	5.1774086917912077e-01	5.3186071444959937e-01
1.0200000000000007e+00	1.0000000000000001e-01	5.2336595125164898e-01	4.7992420227142008e-01	5.2314790936231592e-01	5.0915812791802495e-01	5.2336594443749274e-01
1.0300000000000007e+00	1.0000000000000001e-01	5.1481884496995478e-01	4.7113200190222582e-01	5.1460436392977038e-01	5.0052447126843536e-01	5.1481883826707819e-01
1.0400000000000007e+00	1.0000000000000001e-01	5.0622025723277775e-01	4.6229268872544860e-01	5.0600935848966744e-01	4.9184076258881954e-01	5.0622025064185638e-01
1.0500000000000007e+00	1.0000000000000001e-01	4.9757104789172635e-01	4.5340714666504134e-01	4.9736375253538800e-01	4.8310787024280860e-01	4.9757104141341640e-01
1.0600000000000007e+00	1.0000000000000001e-01	4.8887208186052694e-01	4.4447626426780684e-01	4.8866841062032429e-01	4.7432666751236696e-01	4.8887207549547712e-01
1.0700000000000007e+00	1.0000000000000001e-01	4.8012422902853347e-01	4.3550093461453998e-01	4.7992420227142008e-01	4.6549803251044186e-01	4.8012422277737982e-01
1.0800000000000007e+00	1.0000000000000001e-01	4.7132836417373936e-01	4.2648205523072802e-01	4.7113200190222582e-01	4.5662284809318221e-01	4.7132835803710638e-01
1.0900000000000007e+00	1.0000000000000001e-01	4.6248536687530023e-01	4.1742052799679352e-01	4.6229268872544860e-01	4.4770200177162933e-01	4.6248536085379971e-01
1.1000000000000008e+00	1.0000000000000001e-01	4.5359612142557670e-01	4.0831725905790983e-01	4.5340714666504134e-01	4.3873638562298461e-01	4.5359611551981277e-01
1.1100000000000008e+00	1.0000000000000001e-01	4.4466151674170618e-01	3.9917315873338244e-01	4.4447626426780684e-01	4.2972689620138821e-01	4.4466151095226852e-01
1.1200000000000008e+00	1.0000000000000001e-01	4.3568244627671149e-01	3.8998914142562513e-01	4.3550093461453998e-01	4.2067443444827640e-01	4.3568244060418110e-01
1.1300000000000008e+00	1.0000000000000001e-01	4.2665980793015662e-01	3.8076612552871536e-01	4.2648205523072802e-01	4.1157990560227803e-01	4.2665980237510298e-01
1.1400000000000008e+00	1.0000000000000001e-01	4.1759450395835740e-01	3.7150503333655660e-01	4.1742052799679352e-01	4.0244421910870337e-01	4.1759449852133240e-01
1.1500000000000008e+00	1.0000000000000001e-01	4.0848744088415656e-01	3.6220679095065100e-01	4.0831725905790983e-01	3.9326828852858803e-01	4.0848743556570349e-01
1.1600000000000008e+00	1.0000000000000001e-01	3.9933952940627243e-01	3.5287232818748793e-01	3.9917315873338244e-01	3.8405303144734154e-01	3.9933952420692348e-01
1.1700000000000008e+00	1.0000000000000001e-01	3.9015168430822944e-01	3.4350257848556498e-01	3.8998914142562513e-01	3.7479936938299391e-01	3.9015167922850574e-01
1.1800000000000008e+00	1.0000000000000001e-01	3.8092482436688102e-01	3.3409847881204602e-01	3.8076612552871536e-01	3.6550822769404245e-01	3.8092481940728967e-01
1.1900000000000008e+00	1.0000000000000001e-01	3.7165987226053215e-01	3.2466096956905943e-01	3.7150503333655660e-01	3.5618053548690892e-01	3.7165986742156765e-01
1.2000000000000008e+00	1.0000000000000001e-01	3.6235775447667279e-01	3.1519099449966559e-01	3.6220679095065100e-01	3.4681722552304245e-01	3.6235774975882334e-01
1.2100000000000009e+00	1.0000000000000001e-01	3.5301940121932956e-01	3.0568950059348121e-01	3.5287232818748793e-01	3.3741923412563657e-01	3.5301939662306286e-01
1.2200000000000009e+00	1.0000000000000001e-01	3.4364574631604622e-01	2.9615743799197625e-01	3.4350257848556498e-01	3.2798750108599894e-01	3.4364574184182373e-01
1.2300000000000009e+00	1.0000000000000001e-01	3.3423772712450178e-01	2.8659575989346986e-01	3.3409847881204602e-01	3.1852296956957499e-01	3.3423772277276925e-01
1.2400000000000009e+00	1.0000000000000001e-01	3.2479628443877540e-01	2.7700542245780335e-01	3.2466096956905943e-01	3.0902658602162864e-01	3.2479628020997059e-01
1.2500000000000009e+00	1.0000000000000001e-01	3.1532236239526784e-01	2.6738738471072776e-01	3.1519099449966559e-01	2.9949930007260134e-01	3.1532235828981348e-01
1.2600000000000009e+00	1.0000000000000001e-01	3.0581690837828845e-01	2.5774260844800279e-01	3.0568950059348121e-01	2.8994206444315201e-01	3.0581690439659009e-01
1.2700000000000009e+00	1.0000000000000001e-01	2.9628087292531785e-01	2.4807205813921929e-01	2.9615743799197625e-01	2.8035583484887255e-01	2.9628086906777945e-01
1.2800000000000009e+00	1.0000000000000001e-01	2.8671520963195463e-01	2.3837670083134643e-01	2.8659575989346986e-01	2.7074156990473924e-01	2.8671520589896082e-01
1.2900000000000009e+00	1.0000000000000001e-01	2.7712087505655675e-01	2.2865750605203794e-01	2.7700542245780335e-01	2.6110023102923319e-01	2.7712087144847891e-01
1.3000000000000009e+00	1.0000000000000001e-01	2.6749882862458652e-01	2.1891544571267185e-01	2.6738738471072776e-01	2.5143278234820615e-01	2.6749882514178719e-01
1.3100000000000009e+00	1.0000000000000001e-01	2.5785003253266875e-01	2.0915149401116162e-01	2.5774260844800279e-01	2.4174019059846730e-01	2.5785002917549371e-01
1.3200000000000010e+00	1.0000000000000001e-01	2.4817545165237204e-01	1.9936662733454513e-01	2.4807205813921929e-01	2.3202342503112408e-01	2.4817544842116104e-01
1.3300000000000010e+00	1.0000000000000001e-01	2.3847605343372227e-01	1.8956182416133172e-01	2.3837670083134643e-01	2.2228345731462520e-01	2.3847605032879601e-01
1.3400000000000010e+00	1.0000000000000001e-01	2.2875280780845852e-01	1.7973806496367040e-01	2.2865750605203794e-01	2.1252126143763186e-01	2.2875280483012608e-01
1.3500000000000010e+00	1.0000000000000001e-01	2.1900668709304064e-01	1.6989633210929278e-01	2.1891544571267185e-01	2.0273781361159723e-01	2.1900668424160089e-01
1.3600000000000010e+00	1.0000000000000001e-01	2.0923866589141840e-01	1.6003760976328607e-01	2.0915149401116162e-01	1.9293409217314780e-01	2.0923866316715869e-01
1.3700000000000010e+00	1.0000000000000001e-01	1.9944972099757199e-01	1.5016288378966625e-01	1.9936662733454513e-01	1.8311107748625913e-01	1.9944971840076228e-01
1.3800000000000010e+00	1.0000000000000001e-01	1.8964083129783338e-01	1.4027314165280247e-01	1.8956182416133172e-01	1.7326975184421464e-01	1.8964082882873398e-01
1.3900000000000010e+00	1.0000000000000001e-01	1.7981297767299848e-01	1.3036937231866830e-01	1.7973806496367040e-01	1.6341109937137629e-01	1.7981297533185447e-01
1.4000000000000010e+00	1.0000000000000001e-01	1.6996714290023993e-01	1.2045256615594191e-01	1.6989633210929278e-01	1.5353610592477196e-01	1.6996714068729082e-01
1.4100000000000010e+00	1.0000000000000001e-01	1.6010431155483018e-01	1.1052371483697754e-01	1.6003760976328607e-01	1.4364575899552720e-01	1.6010430947029400e-01
1.4200000000000010e+00	1.0000000000000001e-01	1.5022546991168476e-01	1.0058381123863147e-01	1.5016288378966625e-01	1.3374104761008496e-01	1.5022546795576761e-01
1.4300000000000010e+00	1.0000000000000001e-01	1.4033160584673562e-01	9.0633849342980355e-02	1.4027314165280247e-01	1.2382296223133100e-01	1.4033160401963451e-01
1.4400000000000011e+00	1.0000000000000001e-01	1.3042370873814443e-01	8.0674824137924039e-02	1.3036937231866830e-01	1.1389249465954172e-01	1.3042370704004233e-01
1.4500000000000011e+00	1.0000000000000001e-01	1.2050276936736551e-01	7.0707731517684058e-02	1.2045256615594191e-01	1.0395063793319781e-01	1.2050276779843531e-01
1.4600000000000011e+00	1.0000000000000001e-01	1.1056977982006848e-01	6.0733568183213293e-02	1.1052371483697754e-01	9.3998386229682637e-02	1.1056977838046526e-01
1.4700000000000011e+00	1.0000000000000001e-01	1.0062573338693062e-01	5.0753331542535696e-02	1.0058381123863147e-01	8.4036734765876586e-02	1.0062573207679670e-01
1.4800000000000011e+00	1.0000000000000001e-01	9.0671624464308570e-02	4.0768019610999406e-02	9.0633849342980355e-02	7.4066679698623350e-02	9.0671623283776384e-02
1.4900000000000011e+00	1.0000000000000001e-01	8.0708448454799520e-02	3.0778630911473259e-02	8.0674824137924039e-02	6.4089218025123282e-02	8.0708447403984307e-02
1.5000000000000011e+00	1.0000000000000001e-01	7.0737201667701796e-02	2.0786164374505534e-02	7.0707731517684058e-02	5.4105347483229815e-02	7.0737200746712928e-02
1.5100000000000011e+00	1.0000000000000001e-01	6.0758881219384789e-02	1.0791619238422756e-02	6.0733568183213293e-02	4.4116066451674131e-02	6.0758880428313233e-02
1.5200000000000011e+00	1.0000000000000001e-01	5.0774484933578071e-02	7.9599494940851834e-04	5.0753331542535696e-02	3.4122373850237198e-02	5.0774484272501828e-02
1.5300000000000011e+00	1.0000000000000001e-01	4.0785011241589925e-02	-9.1997089384365793e-03	4.0768019610999406e-02	2.4125269039854125e-02	4.0785010710572646e-02
1.5400000000000011e+00	1.0000000000000001e-01	3.0791459082465011e-02	-1.9194492863054968e-02	3.0778630911473259e-02	1.4125751722665983e-02	3.0791458681565336e-02
1.5500000000000012e+00	1.0000000000000001e-01	2.0794827803091321e-02	-2.9187357354382160e-02	2.0786164374505534e-02	4.1248218420771492e-03	2.0794827532345517e-02
1.5600000000000012e+00	1.0000000000000001e-01	1.0796117058266282e-02	-3.9177303134296793e-02	1.0791619238422756e-02	-5.8765205172554387e-03	1.0796116917702140e-02
1.5700000000000012e+00	1.0000000000000001e-01	7.9632671073215312e-04	-4.9163331216545147e-02	7.9599494940851834e-04	-1.5877275229435606e-02	7.9632670036559417e-04
1.5800000000000012e+00	1.0000000000000001e-01	-9.2035432688094467e-03	-5.9144443006642344e-02	-9.1997089384365793e-03	-2.5876442227325363e-02	-9.2035431489797172e-03
1.5900000000000012e+00	1.0000000000000001e-01	-1.9202492901693759e-02	-6.9119640401724691e-02	-1.9194492863054968e-02	-3.5873021602552679e-02	-1.9202492651679098e-02
1.6000000000000012e+00	1.0000000000000001e-01	-2.9199522301289926e-02	-7.9087925890366506e-02	-2.9187357354382160e-02	-4.5866013705513353e-02	-2.9199521921115339e-02
1.6100000000000012e+00	1.0000000000000001e-01	-3.9193631772988818e-02	-8.9048302652325884e-02	-3.9177303134296793e-02	-5.5854419245328447e-02	-3.9193631262692818e-02
1.6200000000000012e+00	1.0000000000000001e-01	-4.9183821914171658e-02	-9.8999774658227180e-02	-4.9163331216545147e-02	-6.5837239389760674e-02	-4.9183821273806418e-02
1.6300000000000012e+00	1.0000000000000001e-01	-5.9169093714149468e-02	-1.0894134676916134e-01	-5.9144443006642344e-02	-7.5813475865119662e-02	-5.9169092943776778e-02
1.6400000000000012e+00	1.0000000000000001e-01	-6.9148448654063277e-02	-1.1887202483620296e-01	-6.9119640401724691e-02	-8.5782131056070618e-02	-6.9148447753760348e-02
1.6500000000000012e+00	1.0000000000000001e-01	-7.9120888806735193e-02	-1.2879081579982077e-01	-7.9087925890366506e-02	-9.5742208105401572e-02	-7.9120887776591431e-02
1.6600000000000013e+00	1.0000000000000001e-01	-8.9085416936460285e-02	-1.3869672778918374e-01	-8.9048302652325884e-02	-1.0569271101370403e-01	-8.9085415776579691e-02
1.6700000000000013e+00	1.0000000000000001e-01	-9.9041036598729343e-02	-1.4858877022134842e-01	-9.8999774658227180e-02	-1.1563264473898660e-01	-9.9041035309228212e-02
1.6800000000000013e+00	1.0000000000000001e-01	-1.0898675223987243e-01	-1.5846595390031415e-01	-1.0894134676916134e-01	-1.2556101529615207e-01	-1.0898675082087823e-01
1.6900000000000013e+00	1.0000000000000001e-01	-1.1892156929661354e-01	-1.6832729111594502e-01	-1.1887202483620296e-01	-1.3547682985642129e-01	-1.1892156774827208e-01
1.7000000000000013e+00	1.0000000000000001e-01	-1.2884449429552597e-01	-1.7817179574273534e-01	-1.2879081579982077e-01	-1.4537909684660177e-01	-1.2884449261798880e-01
1.7100000000000013e+00	1.0000000000000001e-01	-1.3875453495237888e-01	-1.8799848333842961e-01	-1.3869672778918374e-01	-1.5526682604824815e-01	-1.3875453314581102e-01
1.7200000000000013e+00	1.0000000000000001e-01	-1.4865070027136496e-01	-1.9780637124245160e-01	-1.4858877022134842e-01	-1.6513902869667585e-01	-1.4865069833595368e-01
1.7300000000000013e+00	1.0000000000000001e-01	-1.5853200064419906e-01	-2.0759447867419012e-01	-1.5846595390031415e-01	-1.7499471757985088e-01	-1.5853199858013553e-01
1.7400000000000013e+00	1.0000000000000001e-01	-1.6839744794907832e-01	-2.1736182683105509e-01	-1.6832729111594502e-01	-1.8483290713709874e-01	-1.6839744575656476e-01
1.7500000000000013e+00	1.0000000000000001e-01	-1.7824605564949339e-01	-2.2710743898637142e-01	-1.7817179574273534e-01	-1.9465261355765687e-01	-1.7824605332875479e-01
1.7600000000000013e+00	1.0000000000000001e-01	-1.8807683889288143e-01	-2.3683034058704422e-01	-1.8799848333842961e-01	-2.0445285487907286e-01	-1.8807683644414577e-01
1.7700000000000014e+00	1.0000000000000001e-01	-1.9788881460911031e-01	-2.4652955935101750e-01	-1.9780637124245160e-01	-2.1423265108537204e-01	-1.9788881203262387e-01
1.7800000000000014e+00	1.0000000000000001e-01	-2.0768100160878511e-01	-2.5620412536449533e-01	-2.0759447867419012e-01	-2.2399102420509429e-01	-2.0768099890480415e-01
1.7900000000000014e+00	1.0000000000000001e-01	-2.1745242068136594e-01	-2.6585307117893864e-01	-2.1736182683105509e-01	-2.3372699840905029e-01	-2.1745241785016503e-01
1.8000000000000014e+00	1.0000000000000001e-01	-2.2720209469308839e-01	-2.7547543190780899e-01	-2.2710743898637142e-01	-2.4343960010794011e-01	-2.2720209173494674e-01
1.8100000000000014e+00	1.0000000000000001e-01	-2.3692904868467599e-01	-2.8507024532304914e-01	-2.3683034058704422e-01	-2.5312785804968058e-01	-2.3692904559989181e-01
1.8200000000000014e+00	1.0000000000000001e-01	-2.4663230996883531e-01	-2.9463655195131722e-01	-2.4652955935101750e-01	-2.6279080341656308e-01	-2.4663230675771439e-01
1.8300000000000014e+00	1.0000000000000001e-01	-2.5631090822752400e-01	-3.0417339516991659e-01	-2.5620412536449533e-01	-2.7242746992208927e-01	-2.5631090489038777e-01
1.8400000000000014e+00	1.0000000000000001e-01	-2.6596387560898166e-01	-3.1367982130247829e-01	-2.6585307117893864e-01	-2.8203689390764713e-01	-2.6596387214616657e-01
1.8500000000000014e+00	1.0000000000000001e-01	-2.7559024682451422e-01	-3.2315487971430801e-01	-2.7547543190780899e-01	-2.9161811443884483e-01	-2.7559024323636733e-01
1.8600000000000014e+00	1.0000000000000001e-01	-2.8518905924502214e-01	-3.3259762290746120e-01	-2.8507024532304914e-01	-3.0117017340161367e-01	-2.8518905553189960e-01
1.8700000000000014e+00	1.0000000000000001e-01	-2.9475935299726225e-01	-3.4200710661548728e-01	-2.9463655195131722e-01	-3.1069211559801468e-01	-2.9475934915953533e-01
1.8800000000000014e+00	1.0000000000000001e-01	-3.0430017105983470e-01	-3.5138238989785631e-01	-3.0417339516991659e-01	-3.2018298884176399e-01	-3.0430016709788660e-01
1.8900000000000015e+00	1.0000000000000001e-01	-3.1381055935888374e-01	-3.6072253523405484e-01	-3.1367982130247829e-01	-3.2964184405345059e-01	-3.1381055527311258e-01
1.9000000000000015e+00	1.0000000000000001e-01	-3.2328956686350480e-01	-3.7002660861732872e-01	-3.2315487971430801e-01	-3.3906773535543094e-01	-3.2328956265431602e-01
1.9100000000000015e+00	1.0000000000000001e-01	-3.3273624568084664e-01	-3.7929367964809724e-01	-3.3259762290746120e-01	-3.4845972016643006e-01	-3.3273624134866525e-01
1.9200000000000015e+00	1.0000000000000001e-01	-3.4214965115089963e-01	-3.8852282162697649e-01	-3.4200710661548728e-01	-3.5781685929579682e-01	-3.4214964669615638e-01
1.9300000000000015e+00	1.0000000000000001e-01	-3.5152884194096129e-01	-3.9771311164746304e-01	-3.5138238989785631e-01	-3.6713821703741306e-01	-3.5152883736409901e-01
1.9400000000000015e+00	1.0000000000000001e-01	-3.6087288013976859e-01	-4.0686363068820897e-01	-3.6072253523405484e-01	-3.7642286126327434e-01	-3.6087287544125085e-01
1.9500000000000015e+00	1.0000000000000001e-01	-3.7018083135128832e-01	-4.1597346370494059e-01	-3.7002660861732872e-01	-3.8566986351668925e-01	-3.7018082653158385e-01
1.9600000000000015e+00	1.0000000000000001e-01	-3.7945176478815590e-01	-4.2504169972194306e-01	-3.7929367964809724e-01	-3.9487829910514916e-01	-3.7945175984774315e-01
1.9700000000000015e+00	1.0000000000000001e-01	-3.8868475336475344e-01	-4.3406743192317410e-01	-3.8852282162697649e-01	-4.0404724719275698e-01	-3.8868474830412930e-01
1.9800000000000015e+00	1.0000000000000001e-01	-3.9787887378991738e-01	-4.4304975774293487e-01	-3.9771311164746304e-01	-4.1317579089235573e-01	-3.9787886860959093e-01
1.9900000000000015e+00	1.0000000000000001e-01	-4.0703320665926696e-01	-4.5198777895612774e-01	-4.0686363068820897e-01	-4.2226301735717064e-01	-4.0703320135974735e-01
2.0000000000000013e+00	1.0000000000000001e-01	-4.1614683654714357e-01	-4.6088060176808110e-01	-4.1597346370493948e-01	-4.3130801787213918e-01	-4.1614683112896511e-01
2.0100000000000011e+00	1.0000000000000001e-01	-4.2521885209815341e-01	-4.6972733690392232e-01	-4.2504169972194195e-01	-4.4030988794474091e-01	-4.2521884656185893e-01
2.0200000000000009e+00	1.0000000000000001e-01	-4.3424834611830126e-01	-4.7852709969751217e-01	-4.3406743192317299e-01	-4.4926772739547555e-01	-4.3424834046444633e-01
2.0300000000000007e+00	1.0000000000000001e-01	-4.4323441566570970e-01	-4.8727901017990294e-01	-4.4304975774293376e-01	-4.5818064044785500e-01	-4.4323440989485668e-01
2.0400000000000005e+00	1.0000000000000001e-01	-4.5217616214091239e-01	-4.9598219316733916e-01	-4.5198777895612552e-01	-4.6704773581800546e-01	-4.5217615625363899e-01
2.0500000000000003e+00	1.0000000000000001e-01	-4.6107269137671314e-01	-5.0463577834877760e-01	-4.6088060176807777e-01	-4.7586812680378193e-01	-4.6107268537360729e-01
2.0600000000000001e+00	1.0000000000000001e-01	-4.6992311372760220e-01	-5.1323890037290987e-01	-4.6972733690392010e-01	-4.8464093137343528e-01	-4.6992310760926470e-01
2.0699999999999998e+00	1.0000000000000001e-01	-4.7872654415871979e-01	-5.2179069893470098e-01	-4.7852709969750884e-01	-4.9336527225381327e-01	-4.7872653792576253e-01
2.0799999999999996e+00	1.0000000000000001e-01	-4.8748210233435901e-01	-5.3029031886142275e-01	-4.8727901017989961e-01	-5.0204027701810205e-01	-4.8748209598740672e-01
2.0899999999999994e+00	1.0000000000000001e-01	-4.9618891270599846e-01	-5.3873691019816650e-01	-4.9598219316733694e-01	-5.1066507817305784e-01	-4.9618890624568329e-01
2.0999999999999992e+00	1.0000000000000001e-01	-5.0484610459985679e-01	-5.4712962829283507e-01	-5.0463577834877427e-01	-5.1923881324574517e-01	-5.0484609802682689e-01
2.1099999999999990e+00	1.0000000000000001e-01	-5.1345281230395878e-01	-5.5546763388061637e-01	-5.1323890037290543e-01	-5.2776062486980968e-01	-5.1345280561887174e-01
2.1199999999999988e+00	1.0000000000000001e-01	-5.2200817515470621e-01	-5.6375009316789626e-01	-5.2179069893469765e-01	-5.3622966087118440e-01	-5.2200816835822894e-01
2.1299999999999986e+00	1.0000000000000001e-01	-5.3051133762294367e-01	-5.7197617791564959e-01	-5.3029031886141942e-01	-5.4464507435332565e-01	-5.3051133071575418e-01
2.1399999999999983e+00	1.0000000000000001e-01	-5.3896144939951007e-01	-5.8014506552225620e-01	-5.3873691019816317e-01	-5.5300602378190311e-01	-5.3896144238230337e-01
2.1499999999999981e+00	1.0000000000000001e-01	-5.4735766548026954e-01	-5.8825593910576401e-01	-5.4712962829283174e-01	-5.6131167306893970e-01	-5.4735765835374395e-01
2.1599999999999979e+00	1.0000000000000001e-01	-5.5569914625061090e-01	-5.9630798758557146e-01	-5.5546763388061304e-01	-5.6956119165642916e-01	-5.5569913901548273e-01
2.1699999999999977e+00	1.0000000000000001e-01	-5.6398505756940820e-01	-6.0430040576354482e-01	-5.6375009316789293e-01	-5.7775375459938605e-01	-5.6398505022639689e-01
2.1799999999999975e+00	1.0000000000000001e-01	-5.7221457085243466e-01	-6.1223239440452160e-01	-5.7197617791564515e-01	-5.8588854264833767e-01	-5.7221456340227572e-01
2.1899999999999973e+00	1.0000000000000001e-01	-5.8038686315521970e-01	-6.2010316031625101e-01	-5.8014506552225287e-01	-5.9396474233126884e-01	-5.8038685559866099e-01
2.1999999999999971e+00	1.0000000000000001e-01	-5.8850111725534338e-01	-6.2791191642869837e-01	-5.8825593910576068e-01	-6.0198154603493170e-01	-5.8850110959313473e-01
2.2099999999999969e+00	1.0000000000000001e-01	-5.9655652173415741e-01	-6.3565788187276207e-01	-5.9630798758556924e-01	-6.0993815208564428e-01	-5.9655651396707032e-01
2.2199999999999966e+00	1.0000000000000001e-01	-6.0455227105792686e-01	-6.4334028205835114e-01	-6.0430040576354038e-01	-6.1783376482942598e-01	-6.0455226318673583e-01
2.2299999999999964e+00	1.0000000000000001e-01	-6.1248756565838236e-01	-6.5095834875184999e-01	-6.1223239440451827e-01	-6.2566759471158717e-01	-6.1248755768387286e-01
2.2399999999999962e+00	1.0000000000000001e-01	-6.2036161201267670e-01	-6.5851132015293690e-01	-6.2010316031624657e-01	-6.3343885835566238e-01	-6.2036160393565110e-01
2.2499999999999960e+00	1.0000000000000001e-01	-6.2817362272273602e-01	-6.6599844097076644e-01	-6.2791191642869504e-01	-6.4114677864176683e-01	-6.2817361454399900e-01
2.2599999999999958e+00	1.0000000000000001e-01	-6.3592281659399930e-01	-6.7341896249949462e-01	-6.3565788187275873e-01	-6.4879058478429341e-01	-6.3592280831436832e-01
2.2699999999999956e+00	1.0000000000000001e-01	-6.4360841871353713e-01	-6.8077214269315456e-01	-6.4334028205834781e-01	-6.5636951240899966e-01	-6.4360841033383986e-01
2.2799999999999954e+00	1.0000000000000001e-01	-6.5122966052754216e-01	-6.8805724623985265e-01	-6.5095834875184666e-01	-6.6388280362943641e-01	-6.5122965204861716e-01
2.2899999999999952e+00	1.0000000000000001e-01	-6.5878577991818410e-01	-6.9527354463530644e-01	-6.5851132015293357e-01	-6.7132970712274609e-01	-6.5878577134087990e-01
2.2999999999999949e+00	1.0000000000000001e-01	-6.6627602127982044e-01	-7.0242031625568968e-01	-6.6599844097076200e-01	-6.7870947820478278e-01	-6.6627601260499492e-01
2.3099999999999947e+00	1.0000000000000001e-01	-6.7369963559455703e-01	-7.0949684642979571e-01	-6.7341896249949018e-01	-6.8602137890458659e-01	-6.7369962682307660e-01
2.3199999999999945e+00	1.0000000000000001e-01	-6.8105588050714860e-01	-7.1650242751050364e-01	-6.8077214269315012e-01	-6.9326467803818426e-01	-6.8105587163989190e-01
2.3299999999999943e+00	1.0000000000000001e-01	-6.8834402039923415e-01	-7.2343635894554392e-01	-6.8805724623984932e-01	-7.0043865128169625e-01	-6.8834401143708634e-01
2.3399999999999941e+00	1.0000000000000001e-01	-6.9556332646289787e-01	-7.3029794734755127e-01	-6.9527354463530311e-01	-7.0754258124377634e-01	-6.9556331740675648e-01
2.3499999999999939e+00	1.0000000000000001e-01	-7.0271307677354955e-01	-7.3708650656340358e-01	-7.0242031625568524e-01	-7.1457575753734981e-01	-7.0271306762431951e-01
2.3599999999999937e+00	1.0000000000000001e-01	-7.0979255636211613e-01	-7.4380135774283596e-01	-7.0949684642979127e-01	-7.2153747685064629e-01	-7.0979254712071116e-01
2.3699999999999934e+00	1.0000000000000001e-01	-7.1680105728653831e-01	-7.5044182940632642e-01	-7.1650242751049920e-01	-7.2842704301754002e-01	-7.1680104795388255e-01
2.3799999999999932e+00	1.0000000000000001e-01	-7.2373787870256401e-01	-7.5700725751224329e-01	-7.2343635894553948e-01	-7.3524376708714956e-01	-7.2373786927959338e-01
2.3899999999999930e+00	1.0000000000000001e-01	-7.3060232693383242e-01	-7.6349698552324541e-01	-7.3029794734754683e-01	-7.4198696739275272e-01	-7.3060231742148563e-01
2.3999999999999928e+00	1.0000000000000001e-01	-7.3739371554124067e-01	-7.6991036447194072e-01	-7.3708650656339914e-01	-7.4865596961993608e-01	-7.3739370594047193e-01
2.4099999999999926e+00	1.0000000000000001e-01	-7.4411136539158751e-01	-7.7624675302577884e-01	-7.4380135774283151e-01	-7.5525010687403282e-01	-7.4411135570335529e-01
2.4199999999999924e+00	1.0000000000000001e-01	-7.5075460472548594e-01	-7.8250551755118414e-01	-7.5044182940632198e-01	-7.6176871974681815e-01	-7.5075459495076180e-01
2.4299999999999922e+00	1.0000000000000001e-01	-7.5732276922453856e-01	-7.8868603217691957e-01	-7.5700725751223885e-01	-7.6821115638243598e-01	-7.5732275936429616e-01
2.4399999999999920e+00	1.0000000000000001e-01	-7.6381520207776887e-01	-7.9478767885667434e-01	-7.6349698552324097e-01	-7.7457677254258339e-01	-7.6381519213299764e-01
2.4499999999999917e+00	1.0000000000000001e-01	-7.7023125404730208e-01	-8.0080984743086447e-01	-7.6991036447193628e-01	-7.8086493167096194e-01	-7.7023124401899246e-01
2.4599999999999915e+00	1.0000000000000001e-01	-7.7657028353328772e-01	-8.0675193568765069e-01	-7.7624675302577439e-01	-7.8707500495688898e-01	-7.7657027342244656e-01
2.4699999999999913e+00	1.0000000000000001e-01	-7.8283165663805987e-01	-8.1261334942315910e-01	-7.8250551755117970e-01	-7.9320637139821326e-01	-7.8283164644569492e-01
2.4799999999999911e+00	1.0000000000000001e-01	-7.8901474722952569e-01	-8.1839350250090037e-01	-7.8868603217691624e-01	-7.9925841786340357e-01	-7.8901473695665647e-01
2.4899999999999909e+00	1.0000000000000001e-01	-7.9511893700377867e-01	-8.2409181691038502e-01	-7.9478767885667101e-01	-8.0523053915284992e-01	-7.9511892665143657e-01
2.4999999999999907e+00	1.0000000000000001e-01	-8.0114361554692815e-01	-8.2970772282491834e-01	-8.0080984743086003e-01	-8.1112213805940703e-01	-8.0114360511614324e-01
2.5099999999999905e+00	1.0000000000000001e-01	-8.0708818039614039e-01	-8.3524065865859032e-01	-8.0675193568764625e-01	-8.1693262542809020e-01	-8.0708816988795951e-01
2.5199999999999902e+00	1.0000000000000001e-01	-8.1295203709988428e-01	-8.4069007112242800e-01	-8.1261334942315466e-01	-8.2266142021500643e-01	-8.1295202651535670e-01
2.5299999999999900e+00	1.0000000000000001e-01	-8.1873459927737602e-01	-8.4605541527972616e-01	-8.1839350250089593e-01	-8.2830794954544640e-01	-8.1873458861755932e-01
2.5399999999999898e+00	1.0000000000000001e-01	-8.2443528867721649e-01	-8.5133615460054046e-01	-8.2409181691037947e-01	-8.3387164877118991e-01	-8.2443527794317928e-01
2.5499999999999896e+00	1.0000000000000001e-01	-8.3005353523521641e-01	-8.5653176101533890e-01	-8.2970772282491390e-01	-8.3935196152694724e-01	-8.3005352442803060e-01
2.5599999999999894e+00	1.0000000000000001e-01	-8.3558877713140178e-01	-8.6164171496780961e-01	-8.3524065865858588e-01	-8.4474833978600838e-01	-8.3558876625214396e-01
2.5699999999999892e+00	1.0000000000000001e-01	-8.4104046084619566e-01	-8.6666550546681598e-01	-8.4069007112242355e-01	-8.5006024391504464e-01	-8.4104044989595839e-01
2.5799999999999890e+00	1.0000000000000001e-01	-8.4640804121576962e-01	-8.7160263013749406e-01	-8.4605541527972228e-01	-8.5528714272807005e-01	-8.4640803019564681e-01
2.5899999999999888e+00	1.0000000000000001e-01	-8.5169098148655975e-01	-8.7645259527149244e-01	-8.5133615460053547e-01	-8.6042851353956040e-01	-8.5169097039765740e-01
2.5999999999999885e+00	1.0000000000000001e-01	-8.5688875336894132e-01	-8.8121491587633827e-01	-8.5653176101533390e-01	-8.6548384221672026e-01	-8.5688874221236266e-01
2.6099999999999883e+00	1.0000000000000001e-01	-8.6200083709005759e-01	-8.8588911572393958e-01	-8.6164171496780462e-01	-8.7045262323089057e-01	-8.6200082586691840e-01
2.6199999999999881e+00	1.0000000000000001e-01	-8.6702672144579651e-01	-8.9047472739820721e-01	-8.6666550546681209e-01	-8.7533435970811313e-01	-8.6702671015722244e-01
2.6299999999999879e+00	1.0000000000000001e-01	-8.7196590385191064e-01	-8.9497129234179462e-01	-8.7160263013749018e-01	-8.8012856347880752e-01	-8.7196589249902823e-01
2.6399999999999877e+00	1.0000000000000001e-01	-8.7681789039427549e-01	-8.9937836090195455e-01	-8.7645259527148800e-01	-8.8483475512659193e-01	-8.7681787897822161e-01
2.6499999999999875e+00	1.0000000000000001e-01	-8.8158219587828002e-01	-9.0369549237550417e-01	-8.8121491587633383e-01	-8.8945246403622391e-01	-8.8158218440019664e-01
2.6599999999999873e+00	1.0000000000000001e-01	-8.8625834387734603e-01	-9.0792225505289315e-01	-8.8588911572393514e-01	-8.9398122844065897e-01	-8.8625833233837936e-01
2.6699999999999871e+00	1.0000000000000001e-01	-8.9084586678057065e-01	-9.1205822626137634e-01	-8.9047472739820277e-01	-8.9842059546723452e-01	-8.9084585518187509e-01
2.6799999999999868e+00	1.0000000000000001e-01	-8.9534430583948610e-01	-9.1610299240727944e-01	-8.9497129234179018e-01	-9.0277012118294309e-01	-8.9534429418222183e-01
2.6899999999999866e+00	1.0000000000000001e-01	-8.9975321121393548e-01	-9.2005614901735755e-01	-8.9937836090195011e-01	-9.0702937063883782e-01	-8.9975319949926691e-01
2.6999999999999864e+00	1.0000000000000001e-01	-9.0407214201705532e-01	-9.2391730077924561e-01	-9.0369549237549973e-01	-9.1119791791352556e-01	-9.0407213024615496e-01
2.7099999999999862e+00	1.0000000000000001e-01	-9.0830066635936435e-01	-9.2768606158098454e-01	-9.0792225505288870e-01	-9.1527534615575179e-01	-9.0830065453341013e-01
2.7199999999999860e+00	1.0000000000000001e-01	-9.1243836139195222e-01	-9.3136205454963372e-01	-9.1205822626137190e-01	-9.1926124762608863e-01	-9.1243834951212499e-01
2.7299999999999858e+00	1.0000000000000001e-01	-9.1648481334876364e-01	-9.3494491208896080e-01	-9.1610299240727444e-01	-9.2315522373771020e-01	-9.1648480141625310e-01
2.7399999999999856e+00	1.0000000000000001e-01	-9.2043961758797499e-01	-9.3843427591619732e-01	-9.2005614901735366e-01	-9.2695688509625229e-01	-9.2043960560397264e-01
2.7499999999999853e+00	1.0000000000000001e-01	-9.2430237863245790e-01	-9.4182979709786840e-01	-9.2391730077924172e-01	-9.3066585153874781e-01	-9.2430236659816367e-01
2.7599999999999851e+00	1.0000000000000001e-01	-9.2807271020932713e-01	-9.4513113608468424e-01	-9.2768606158098010e-01	-9.3428175217163900e-01	-9.2807269812594251e-01
2.7699999999999849e+00	1.0000000000000001e-01	-9.3175023528856671e-01	-9.4833796274549909e-01	-9.3136205454962928e-01	-9.3780422540788011e-01	-9.3175022315730238e-01
2.7799999999999847e+00	1.0000000000000001e-01	-9.3533458612073339e-01	-9.5144995640031871e-01	-9.3494491208895691e-01	-9.4123291900308181e-01	-9.3533457394280040e-01
2.7899999999999845e+00	1.0000000000000001e-01	-9.3882540427373085e-01	-9.5446680585236943e-01	-9.3843427591619288e-01	-9.4456749009073981e-01	-9.3882539205034876e-01
2.7999999999999843e+00	1.0000000000000001e-01	-9.4222234066865285e-01	-9.5738820941922209e-01	-9.4182979709786341e-01	-9.4780760521652585e-01	-9.4222232840104125e-01
2.8099999999999841e+00	1.0000000000000001e-01	-9.4552505561469069e-01	-9.6021387496295352e-01	-9.4513113608467980e-01	-9.5095294037162781e-01	-9.4552504330408016e-01
2.8199999999999839e+00	1.0000000000000001e-01	-9.4873321884310202e-01	-9.6294351991936422e-01	-9.4833796274549464e-01	-9.5400318102515136e-01	-9.4873320649072068e-01
2.8299999999999836e+00	1.0000000000000001e-01	-9.5184650954023731e-01	-9.6557687132623360e-01	-9.5144995640031371e-01	-9.5695802215557213e-01	-9.5184649714732039e-01
2.8399999999999834e+00	1.0000000000000001e-01	-9.5486461637962150e-01	-9.6811366585061476e-01	-9.5446680585236499e-01	-9.5981716828124031e-01	-9.5486460394740902e-01
2.8499999999999832e+00	1.0000000000000001e-01	-9.5778723755308548e-01	-9.7055364981516923e-01	-9.5738820941921787e-01	-9.6258033348992333e-01	-9.5778722508282266e-01
2.8599999999999830e+00	1.0000000000000001e-01	-9.6061408080094757e-01	-9.7289657922353467e-01	-9.6021387496294874e-01	-9.6524724146740615e-01	-9.6061406829388007e-01
2.8699999999999828e+00	1.0000000000000001e-01	-9.6334486344123860e-01	-9.7514221978472226e-01	-9.6294351991936000e-01	-9.6781762552511330e-01	-9.6334485089861577e-01
2.8799999999999826e+00	1.0000000000000001e-01	-9.6597931239797030e-01	-9.7729034693654682e-01	-9.6557687132622882e-01	-9.7029122862677808e-01	-9.6597929982104669e-01
2.8899999999999824e+00	1.0000000000000001e-01	-9.6851716422844225e-01	-9.7934074586808362e-01	-9.6811366585061009e-01	-9.7266780341415460e-01	-9.6851715161847673e-01
2.8999999999999821e+00	1.0000000000000001e-01	-9.7095816514958622e-01	-9.8129321154114846e-01	-9.7055364981516512e-01	-9.7494711223174368e-01	-9.7095815250783912e-01
2.9099999999999819e+00	1.0000000000000001e-01	-9.7330207106334443e-01	-9.8314754871080068e-01	-9.7289657922353023e-01	-9.7712892715056210e-01	-9.7330205839108042e-01
2.9199999999999817e+00	1.0000000000000001e-01	-9.7554864758107862e-01	-9.8490357194486877e-01	-9.7514221978471760e-01	-9.7921302999093729e-01	-9.7554863487956378e-01
2.9299999999999815e+00	1.0000000000000001e-01	-9.7769767004700925e-01	-9.8656110564249277e-01	-9.7729034693654204e-01	-9.8119921234432184e-01	-9.7769765731751457e-01
2.9399999999999813e+00	1.0000000000000001e-01	-9.7974892356068055e-01	-9.8811998405168366e-01	-9.7934074586807918e-01	-9.8308727559413411e-01	-9.7974891080447846e-01
2.9499999999999811e+00	1.0000000000000001e-01	-9.8170220299845046e-01	-9.8958005128590021e-01	-9.8129321154114402e-01	-9.8487703093562506e-01	-9.8170219021681737e-01
2.9599999999999809e+00	1.0000000000000001e-01	-9.8355731303400296e-01	-9.9094116133963539e-01	-9.8314754871079624e-01	-9.8656829939474944e-01	-9.8355730022821664e-01
2.9699999999999807e+00	1.0000000000000001e-01	-9.8531406815788047e-01	-9.9220317810301839e-01	-9.8490357194486411e-01	-9.8816091184607202e-01	-9.8531405532922134e-01
2.9799999999999804e+00	1.0000000000000001e-01	-9.8697229269603448e-01	-9.9336597537542393e-01	-9.8656110564248800e-01	-9.8965470902967489e-01	-9.8697227984578551e-01
2.9899999999999802e+00	1.0000000000000001e-01	-9.8853182082739299e-01	-9.9442943687809449e-01	-9.8811998405167911e-01	-9.9104954156708480e-01	-9.8853180795683893e-01
2.9999999999999800e+00	1.0000000000000001e-01	-9.8999249660044264e-01	-9.9539345626576536e-01	-9.8958005128589566e-01	-9.9234526997620909e-01	-9.8999248371087123e-01
3.0099999999999798e+00	1.0000000000000001e-01	-9.9135417394882319e-01	-9.9625793713730171e-01	-9.9094116133963106e-01	-9.9354176468528799e-01	-9.9135416104152230e-01
3.0199999999999796e+00	1.0000000000000001e-01	-9.9261671670593465e-01	-9.9702279304533636e-01	-9.9220317810301362e-01	-9.9463890604584648e-01	-9.9261670378219613e-01
3.0299999999999794e+00	1.0000000000000001e-01	-9.9377999861855326e-01	-9.9768794750491618e-01	-9.9336597537541949e-01	-9.9563658434466351e-01	-9.9377998567966852e-01
3.0399999999999792e+00	1.0000000000000001e-01	-9.9484390335945738e-01	-9.9825333400114924e-01	-9.9442943687808982e-01	-9.9653469981474085e-01	-9.9484389040672117e-01
3.0499999999999790e+00	1.0000000000000001e-01	-9.9580832453905932e-01	-9.9871889599585728e-01	-9.9539345626576092e-01	-9.9733316264527938e-01	-9.9580831157376615e-01
3.0599999999999787e+00	1.0000000000000001e-01	-9.9667316571604481e-01	-9.9908458693322855e-01	-9.9625793713729727e-01	-9.9803189299066142e-01	-9.9667315273949131e-01
3.0699999999999785e+00	1.0000000000000001e-01	-9.9743834040701695e-01	-9.9935037024447448e-01	-9.9702279304533192e-01	-9.9863082097843503e-01	-9.9743832742050109e-01
3.0799999999999783e+00	1.0000000000000001e-01	-9.9810377209514434e-01	-9.9951621935148505e-01	-9.9768794750491174e-01	-9.9912988671630032e-01	-9.9810375909996463e-01
3.0899999999999781e+00	1.0000000000000001e-01	-9.9866939423781242e-01	-9.9958211766948768e-01	-9.9825333400114469e-01	-9.9952904029809941e-01	-9.9866938123526872e-01
3.0999999999999779e+00	1.0000000000000001e-01	-9.9913515027327859e-01	-9.9954805860870599e-01	-9.9871889599585284e-01	-9.9982824180880703e-01	-9.9913513726467051e-01
3.1099999999999777e+00	1.0000000000000001e-01	-9.9950099362632716e-01	-9.9941404557501723e-01	-9.9908458693322411e-01	-1.0000274613285212e+00	-9.9950098061295600e-01
3.1199999999999775e+00	1.0000000000000001e-01	-9.9976688771292788e-01	-9.9918009196961310e-01	-9.9935037024447004e-01	-1.0001266789354555e+00	-9.9976687469609482e-01
3.1299999999999772e+00	1.0000000000000001e-01	-9.9993280594389355e-01	-9.9884622118765942e-01	-9.9951621935148061e-01	-1.0001258847079326e+00	-9.9993279292490023e-01
3.1399999999999770e+00	1.0000000000000001e-01	-9.9999873172753950e-01	-9.9841246661595628e-01	-9.9958211766948324e-01	-1.0000250787253748e+00	-9.9999871870768775e-01
